   2.4585260825462961e+06   8.3842040666087669e+00   7.9345229159414332e+00
   2.4585290690509262e+06   1.0353843940628586e+01   4.5664344778576433e+00
   2.4585310275925929e+06  -1.1344843309275280e+01   3.8010586622393787e+00
   2.4585320813715281e+06  -3.1684417570603095e+01   7.6907945718019848e+00
   2.4585330897916667e+06   3.4123394897918420e+00   9.3078280416303425e+00
   2.4585340331018521e+06  -1.1826702562634333e+01   7.8350483956923958e+00
   2.4585350732754627e+06   1.4271550788922950e+01   5.0407538644720056e+00
   2.4585379976736107e+06  -1.8479158753612537e+00   2.7121640662817619e+00
   2.4585390033834879e+06   4.3189762115868895e+00   3.7173952541498987e+00
   2.4585539833912035e+06   1.8479350338970498e+01   4.0123051027415420e+00
   2.4585549904456018e+06   1.1352522646966721e+01   3.3556482029707113e+00
   2.4585559834953705e+06  -6.7947881776563346e+00   4.3806526676732256e+00
   2.4585609710185188e+06   2.8473274839252184e+01   5.3381926679238152e+00
   2.4585619767245371e+06  -2.2361058296494933e+00   3.8280070223840914e+00
   2.4585889466550923e+06   3.2051129778576673e+01   5.7426575186070776e+00
   2.4585909087789347e+06   1.7404872125007520e-02   1.0141704270381057e+01
